375217734131 唐褚娜艳 男 浙江省宁波市鄞州区钟公庙街道317号 13613035556 7.04 28 96 36 5 79.14
774347798538 杨冯霞 北京市海淀区中关村街道877号 15905932361 66 96.22 38.67 92.81 28.5 76.12
833826439003 沈霞敏 女 福建省福州市鼓楼区东街街道483号 13494540881 78.34 79.76 25 7 92 25.79
220880019056 华秦军婷 男 湖北省武汉市江岸区一元街道537号 19961881052 57 94 51.96 36.91 86.08 85
496906758342 喻俞军 男 浙江省杭州市上城区小营街道782号 18964494244 75.63 85.46 8 77 74.49 3.8
717375959989 喻蒋伟娜 男 浙江省嘉兴市南湖区建设街道521号 19921367014 5.31 92 24.03 56 85 5
667798186299 曹袁军娟 男 浙江省温州市鹿城区五马街道186号 15586326086 30 58.04 55 96.95 8.94 46.77
853785007060 韦洋秀 女 湖北省武汉市江岸区一元街道278号 13560952460 67.44 31 12 28 66 43.79
896899790524 韦史娟 男 山东省济南市历下区趵突泉街道402号 13332478750 99 94.89 58 88.47 83 31.12
481334448143 马静艳 男 陕西省西安市碑林区南院门街道773号 17383011281 41.17 31 11 83.09 2 8
